lat: 37.7891838
long: -122.4033522
text: Mechanics' Institute Chess Club
limit: 10
radius: 10000